111111111111111111111111111111111111111111111111111
111111111111111111111111111111111111111111111111111
111111111111111111111111111111111111111111111111111
111110000000000000000000000000000000000000000011111
111110000000000000000000000000000000000000000011111
111110000000000000000000000000000000000000000011111
111110000000000000000000000000000000000000000011111
111110000000000000000000000000000000000000000011111
111110000000000000000000000000000000000000000011111
111110000000000000000000000000000000000000000011111
111110000000000000000000000000000000000000000011111
111110000000000000000000000000000000000000000011111
111110000000000000000000000000000000000000000011111
111110000000000000000000000000000000000000000011111
111110000000000000000000000000000000000000000011111
111111111111111111111111111111111111111111111111111
111111111111111111111111111111111111111111111111111
111111111111111111111111111111111111111111111111111